# Format: Belegungszeit (in Minuten) [Leerzeichen] Häufigkeit des Auftretens
30 1
31 2
32 2
33 3
34 5
35 10
36 15
37 28
38 42
39 50
40 78
41 98
42 156
43 196
44 277
45 357
46 484
47 579
48 726
49 866
50 1068
51 1273
52 1517
53 1733
54 1988
55 2065
56 2295
57 2334
58 2613
59 2692
60 2629
61 2649
62 2574
63 2476
64 2335
65 2117
66 1907
67 1711
68 1505
69 1316
70 1112
71 945
72 718
73 568
74 530
75 463
76 391
77 438
78 468
79 596
80 811
81 1014
82 1312
83 1643
84 2052
85 2429
86 2791
87 3200
88 3359
89 3505
90 3648
91 3589
92 3354
93 3106
94 2827
95 2400
96 2022
97 1646
98 1241
99 923
100 734
101 492
102 336
103 225
104 128
105 99
106 52
107 23
108 17
109 9
110 5
111 4
112 2
